1       -4.070    256    224    434     86
2       -4.178    260    235    442     63
3       -4.149    301    194    408     97
4       -4.414    341    225    402     32
5       -4.093    265    250    405     80
6       -4.217    304    241    377     78
7       -4.160    300    217    390     93
8       -4.094    309    215    372    104
9       -4.145    204    262    491     43
10      -4.089    282    246    400     72
11      -4.094    266    243    404     87
12      -4.233    303    235    398     64
13      -4.282    302    248    385     65
14      -4.256    326    205    378     91
15      -4.264    315    206    409     70
16      -4.349    259    266    444     31
17      -4.420    407    199    313     81
18      -4.470    472    154    273    101
19      -4.357    332    230    379     59
20      -4.289    302    221    426     51
21      -4.509    379    186    385     50
22      -4.758    476    174    307     43
23      -4.623    412    195    370     23
24      -4.590    416    192    358     34
25      -4.559    406    200    354     40
26      -4.644    432    206    323     39
27      -4.699    453    220    301     26
28      -4.815    509    206    253     32
29      -4.925    555    204    220     21
30      -4.968    631    133    206     30
31      -5.220    771     95     99     35
32      -5.025    621    167    182     30
33      -5.104    676    157    131     36
34      -4.970    532    179    276     13
35      -5.145    656    154    167     23
36      -5.258    717    136    126     21
37      -5.443    790    159     37     14
38      -5.357    752    162     53     33
39      -5.424    784    134     57     25
40      -5.452    804    116     47     33
41      -5.347    733    152     53     62
42      -5.472    820    178      1      1
43      -5.270    714    218     61      7
44      -5.504    816    159     15     10
45      -5.363    717    246     21     16
46      -5.418    846    134      3     17
47      -5.505    822    168      3      7
48      -5.256    697    232     52     19
49      -5.449    803    149      2     46
50      -5.380    739    220     24     17
51      -5.176    606    293     65     36
52      -5.448    827    118     34     21
53      -5.586    881    102      8      9
54      -5.495    843     90     50     17
55      -5.272    726    160     93     21
56      -5.468    801    182      3     14
57      -5.403    782    126     40     52
58      -5.530    848    136      1     15
59      -5.486    812    168     13      7
60      -5.515    841    143     14      2
61      -5.322    731    206     41     22
62      -5.480    827    146     11     16
63      -5.470    872    112      1     15
64      -5.300    787    174     37      2
65      -5.555    856    122      5     17
66      -5.516    859    131      7      3
67      -5.520    830    135      2     33
68      -5.492    826    147      2     25
69      -5.515    829    153     12      6
70      -5.554    853    127     10     10
71      -5.474    820    177      1      2
72      -5.543    854    128      2     16
73      -5.464    811    135     35     19
74      -5.524    844    139      5     12
75      -5.552    879    104      0     17
76      -5.500    856    112     18     14
77      -5.530    839    150      3      8
78      -5.473    826    133     24     17
79      -5.533    850    135      7      8
80      -5.453    783    171      9     37
81      -5.597    881    113      0      6
82      -5.537    874    112      7      7
83      -5.561    895     93      2     10
84      -5.597    882    106      0     12
85      -5.602    897     81      0     22
86      -5.591    889     93      5     13
87      -5.663    901     84      7      8
88      -5.510    860     81     42     17
89      -5.532    855    103      0     42
90      -5.565    883    108      4      5
91      -5.586    880    100     14      6
92      -5.547    856    129      9      6
93      -5.619    885    108      1      6
94      -5.577    898     92      2      8
95      -5.616    925     63      3      9
96      -5.604    913     75      4      8
97      -5.629    914     67      2     17
98      -5.597    884     91      6     19
99      -5.572    888     92      1     19
100     -5.625    905     88      3      4
101     -5.582    898     76     18      8
102     -5.606    894     96      1      9
103     -5.567    893     85      4     18
104     -5.599    905     81      4     10
105     -5.668    919     60      4     17
106     -5.579    928     21     13     38
107     -5.625    924     67      4      5
108     -5.629    906     75      4     15
109     -5.601    918     74      4      4
110     -5.580    901     73      2     24
111     -5.579    905     72     10     13
112     -5.630    926     51      4     19
113     -5.625    921     58      5     16
114     -5.686    922     63     10      5
115     -5.633    925     55      4     16
116     -5.603    896     83      2     19
117     -5.648    940     45      4     11
118     -5.655    913     72      4     11
119     -5.619    917     66      5     12
120     -5.581    899     68      2     31
121     -5.623    917     56      3     24
122     -5.623    923     63      7      7
123     -5.629    926     47      6     21
124     -5.587    920     51      8     21
125     -5.621    911     69      5     15
126     -5.591    904     69      7     20
127     -5.636    912     74      7      7
128     -5.607    903     65      1     31
129     -5.660    930     57      2     11
130     -5.597    912     67      5     16
131     -5.593    920     61      1     18
132     -5.600    911     66      4     19
133     -5.631    928     54      5     13
134     -5.635    921     64      3     12
135     -5.645    930     54      4     12
136     -5.574    905     67      9     19
137     -5.646    926     62      3      9
138     -5.591    895     84      9     12
139     -5.636    931     54      3     12
140     -5.579    902     78      4     16
141     -5.644    920     62      6     12
142     -5.618    914     68      2     16
143     -5.654    913     74      2     11
144     -5.641    926     58      4     12
145     -5.624    919     67      3     11
146     -5.609    902     78      9     11
147     -5.646    919     67      2     12
148     -5.645    915     60      8     17
149     -5.633    903     80      4     13
150     -5.562    892     80      5     23
151     -5.631    915     70      4     11
152     -5.617    925     56      4     15
153     -5.638    911     69      6     14
154     -5.611    911     68      4     17
155     -5.582    908     73      2     17
156     -5.572    903     79      5     13
157     -5.616    926     52      4     18
158     -5.647    927     53      6     14
159     -5.585    897     78      8     17
160     -5.612    913     67      5     15
161     -5.632    919     59      8     14
162     -5.626    916     66      7     11
163     -5.629    929     56      6      9
164     -5.648    918     66      5     11
165     -5.640    915     72      3     10
166     -5.623    916     76      0      8
167     -5.564    901     77      8     14
168     -5.657    922     68      2      8
169     -5.616    920     60      9     11
170     -5.641    917     62      4     17
171     -5.622    915     71      5      9
172     -5.605    888     87     10     15
173     -5.629    913     62      5     20
174     -5.621    908     79      5      8
175     -5.618    905     77      4     14
176     -5.672    923     60      5     12
177     -5.638    918     67      8      7
178     -5.625    920     66      4     10
179     -5.628    912     70      4     14
180     -5.555    895     82      6     17
181     -5.636    925     54     13      8
182     -5.581    896     82      6     16
183     -5.600    910     65      5     20
184     -5.632    924     62      2     12
185     -5.613    889     87     12     12
186     -5.594    902     74      8     16
187     -5.617    908     67      4     21
188     -5.639    916     67      6     11
189     -5.579    901     82      4     13
190     -5.630    919     67      5      9
191     -5.606    911     69      4     16
192     -5.641    919     65      4     12
193     -5.613    919     61      7     13
194     -5.591    908     75      3     14
195     -5.593    914     67      1     18
196     -5.593    902     80      8     10
197     -5.668    923     61      5     11
198     -5.590    903     68      5     24
199     -5.594    897     81      5     17
200     -5.610    901     78      8     13
201     -5.558    902     74      5     19
202     -5.639    929     56      5     10
203     -5.606    911     68      2     19
204     -5.630    912     69      6     13
205     -5.611    903     74      5     18
206     -5.604    903     77      6     14
207     -5.613    916     67      5     12
208     -5.616    919     65      5     11
209     -5.593    907     72      7     14
210     -5.616    901     78      8     13
211     -5.587    910     62      9     19
212     -5.615    908     73      8     11
213     -5.673    929     60      6      5
214     -5.603    912     73      3     12
215     -5.587    902     74      5     19
216     -5.602    900     82      5     13
217     -5.623    912     69      6     13
218     -5.599    912     67      7     14
219     -5.608    905     75      4     16
220     -5.601    907     74      6     13
221     -5.593    906     75      7     12
222     -5.608    918     58      6     18
223     -5.613    913     68      2     17
224     -5.597    906     80      5      9
225     -5.634    911     70      8     11
226     -5.612    902     77      6     15
227     -5.629    922     60      5     13
228     -5.620    905     77      6     12
229     -5.640    923     56     10     11
230     -5.577    911     63      5     21
231     -5.627    919     64      7     10
232     -5.641    918     63      5     14
233     -5.607    900     84      4     12
234     -5.583    890     84      1     25
235     -5.642    907     79      5      9
236     -5.570    903     81      1     15
237     -5.624    903     77      8     12
238     -5.628    921     62      8      9
239     -5.631    921     61     10      8
240     -5.639    913     68      8     11
241     -5.622    908     72      7     13
242     -5.601    898     76      7     19
243     -5.591    903     72      8     17
244     -5.635    923     59      5     13
245     -5.611    921     64      4     11
246     -5.611    906     72      8     14
247     -5.614    901     81      6     12
248     -5.597    907     74      5     14
249     -5.616    919     66      6      9
250     -5.620    902     71     13     14
251     -5.621    901     77      7     15
252     -5.627    903     85      4      8
253     -5.600    909     77      2     12
254     -5.627    920     62      8     10
255     -5.597    898     88      3     11
256     -5.609    902     77      9     12
257     -5.621    902     74     11     13
258     -5.586    899     71     11     19
259     -5.617    905     78      7     10
260     -5.665    934     55      4      7
261     -5.630    911     74      9      6
262     -5.648    925     64      6      5
263     -5.600    902     72      9     17
264     -5.615    912     69      8     11
265     -5.623    907     74      9     10
266     -5.606    917     63      5     15
267     -5.602    910     68      7     15
268     -5.591    911     69      7     13
269     -5.627    922     59      6     13
270     -5.650    920     63      4     13
271     -5.573    894     84      1     21
272     -5.625    918     61     10     11
273     -5.659    919     70      4      7
274     -5.636    920     60      5     15
275     -5.600    891     92      3     14
276     -5.625    919     62      8     11
277     -5.593    910     61      9     20
278     -5.588    910     65      8     17
279     -5.618    909     75      6     10
280     -5.618    913     67      6     14
281     -5.599    898     73     11     18
282     -5.622    904     78      7     11
283     -5.635    918     66      5     11
284     -5.657    924     62      4     10
285     -5.681    928     61      3      8
286     -5.585    907     72      6     15
287     -5.645    915     67      9      9
288     -5.596    906     73      5     16
289     -5.655    920     67      2     11
290     -5.585    889     90      6     15
291     -5.624    913     67      9     11
292     -5.641    921     61      7     11
293     -5.585    901     77      5     17
294     -5.614    908     77      3     12
295     -5.633    897     82      7     14
296     -5.624    917     65      5     13
297     -5.655    911     79      2      8
298     -5.618    901     82      6     11
299     -5.621    906     74      9     11
300     -5.626    911     67      8     14
301     -5.617    914     69      5     12
302     -5.621    917     68      7      8
303     -5.622    914     66      2     18
304     -5.627    897     88      7      8
305     -5.596    909     75      4     12
306     -5.624    918     60      5     17
307     -5.666    927     61      7      5
308     -5.624    917     67      1     15
309     -5.625    914     63     10     13
310     -5.603    906     75      3     16
311     -5.619    909     75      3     13
312     -5.659    923     63      6      8
313     -5.646    917     68      7      8
314     -5.632    914     72      4     10
315     -5.585    898     83      4     15
316     -5.643    921     61      4     14
317     -5.628    915     65      5     15
318     -5.612    902     79      7     12
319     -5.633    920     63      7     10
320     -5.621    916     59      7     18
321     -5.564    896     73     12     19
322     -5.586    898     80      3     19
323     -5.610    911     61     11     17
324     -5.602    909     78      5      8
325     -5.648    917     61      8     14
326     -5.611    918     59      5     18
327     -5.623    915     73      4      8
328     -5.615    913     72      5     10
329     -5.618    917     63      4     16
330     -5.641    906     74      5     15
331     -5.655    925     64      5      6
332     -5.590    913     69      5     13
333     -5.606    910     74      7      9
334     -5.578    899     77      8     16
335     -5.647    921     58      6     15
336     -5.628    911     70      6     13
337     -5.674    917     66      9      8
338     -5.621    909     70      9     12
339     -5.649    930     57      5      8
340     -5.642    900     84      6     10
341     -5.597    915     66      6     13
342     -5.640    917     64      4     15
343     -5.628    909     73      8     10
344     -5.583    896     76     12     16
345     -5.609    908     73      8     11
346     -5.590    906     74      6     14
347     -5.611    916     69      4     11
348     -5.627    911     71      4     14
349     -5.626    915     65      7     13
350     -5.637    917     68      2     13
351     -5.590    905     72      5     18
352     -5.590    897     75      9     19
353     -5.617    907     74      7     12
354     -5.622    916     64      5     15
355     -5.589    905     72     10     13
356     -5.616    906     70     10     14
357     -5.624    920     54      5     21
358     -5.629    913     71      3     13
359     -5.611    927     52      5     16
360     -5.651    927     55      6     12
361     -5.654    915     70      3     12
362     -5.572    893     77     13     17
363     -5.646    907     81      3      9
364     -5.657    924     55      7     14
365     -5.619    905     78      6     11
366     -5.630    908     75      4     13
367     -5.588    894     86      7     13
368     -5.621    915     70      5     10
369     -5.637    917     58     10     15
370     -5.624    908     78      7      7
371     -5.624    916     64      6     14
372     -5.596    906     74      5     15
373     -5.646    922     61      4     13
374     -5.593    904     70      8     18
375     -5.662    924     62      4     10
376     -5.601    911     64      6     19
377     -5.611    906     80      3     11
378     -5.656    921     66      6      7
379     -5.648    919     64     13      4
380     -5.622    919     67      3     11
381     -5.652    912     70      4     14
382     -5.618    910     68      6     16
383     -5.624    911     73      6     10
384     -5.618    906     72      6     16
385     -5.613    911     73      5     11
386     -5.596    900     76      8     16
387     -5.583    900     78      6     16
388     -5.620    901     77      7     15
389     -5.605    919     66      5     10
390     -5.581    895     80      8     17
391     -5.615    909     70      4     17
392     -5.581    897     76     11     16
393     -5.614    910     70      9     11
394     -5.603    909     71     11      9
395     -5.588    917     59      6     18
396     -5.646    916     68      5     11
397     -5.622    919     70      3      8
398     -5.617    900     83      7     10
399     -5.634    915     64      8     13
400     -5.626    924     61      5     10
401     -5.607    920     59      5     16
402     -5.639    913     71      7      9
403     -5.619    907     78      5     10
404     -5.663    925     61      4     10
405     -5.611    911     81      1      7
406     -5.576    905     78      6     11
407     -5.584    896     75     15     14
408     -5.586    906     70      2     22
409     -5.615    924     51      8     17
410     -5.594    903     78      4     15
411     -5.625    904     80      4     12
412     -5.601    914     64      6     16
413     -5.611    901     76      5     18
414     -5.599    912     63      8     17
415     -5.648    924     66      4      6
416     -5.637    906     79      8      7
417     -5.572    898     74     11     17
418     -5.590    906     77      6     11
419     -5.564    897     80      7     16
420     -5.635    902     77      7     14
421     -5.616    905     79      3     13
422     -5.647    921     62      8      9
423     -5.634    921     61      4     14
424     -5.620    906     76      6     12
425     -5.628    917     70      3     10
426     -5.632    916     73      7      4
427     -5.619    908     68      7     17
428     -5.656    910     76      7      7
429     -5.675    925     59      9      7
430     -5.638    908     74      3     15
431     -5.616    918     62      6     14
432     -5.641    911     73      6     10
433     -5.597    918     65      6     11
434     -5.644    915     65      6     14
435     -5.601    914     74      5      7
436     -5.605    905     78      4     13
437     -5.606    904     75      7     14
438     -5.611    906     72      6     16
439     -5.586    904     72      8     16
440     -5.621    907     78      5     10
441     -5.594    902     80      3     15
442     -5.614    922     63      2     13
443     -5.629    906     78      5     11
444     -5.632    923     59      5     13
445     -5.611    918     66      3     13
446     -5.642    910     68      9     13
447     -5.622    911     77      4      8
448     -5.663    931     54      4     11
449     -5.602    900     78     10     12
450     -5.578    893     85      8     14
451     -5.631    912     71      3     14
452     -5.635    913     73      7      7
453     -5.607    902     78      9     11
454     -5.547    894     84      6     16
455     -5.580    902     79      2     17
456     -5.592    904     75     12      9
457     -5.613    904     72      7     17
458     -5.635    922     71      0      7
459     -5.598    915     62      6     17
460     -5.583    909     71      5     15
461     -5.607    910     79      5      6
462     -5.597    910     68     10     12
463     -5.610    906     77      4     13
464     -5.576    904     69      5     22
465     -5.641    927     60      2     11
466     -5.676    920     68      5      7
467     -5.607    911     71      5     13
468     -5.589    906     78      3     13
469     -5.604    906     70     10     14
470     -5.649    919     65      5     11
471     -5.582    901     79      6     14
472     -5.613    910     65      5     20
473     -5.635    926     56      7     11
474     -5.628    906     80      5      9
475     -5.625    914     67      5     14
476     -5.682    930     57      5      8
477     -5.624    917     65      5     13
478     -5.617    910     70      7     13
479     -5.618    908     77      5     10
480     -5.575    901     75      5     19
481     -5.611    910     66      9     15
482     -5.633    923     63      3     11
483     -5.587    906     77      5     12
484     -5.653    917     68      6      9
485     -5.610    912     67      7     14
486     -5.633    917     66      4     13
487     -5.591    911     67      7     15
488     -5.633    922     56      8     14
489     -5.612    913     67      6     14
490     -5.654    909     76      4     11
491     -5.577    890     88      9     13
492     -5.614    914     66      6     14
493     -5.625    911     61      7     21
494     -5.613    912     69      8     11
495     -5.588    905     77      2     16
496     -5.656    917     71      9      3
497     -5.626    916     68      5     11
498     -5.658    921     64      7      8
499     -5.602    907     69      8     16
500     -5.624    895     90      7      8
501     -5.607    894     83      2     21
502     -5.622    928     53      6     13
503     -5.637    909     76      5     10
504     -5.658    916     69      7      8
505     -5.647    918     63      3     16
506     -5.628    914     66      5     15
507     -5.652    920     61      6     13
508     -5.615    901     77      8     14
509     -5.594    907     73      6     14
510     -5.625    909     72      6     13
511     -5.625    918     63     10      9
512     -5.591    905     75      1     19
513     -5.586    902     76      7     15
514     -5.619    914     70      5     11
515     -5.658    924     61      4     11
516     -5.604    905     71      9     15
517     -5.579    892     78     10     20
518     -5.636    920     61      6     13
519     -5.597    900     84      3     13
520     -5.619    909     72      3     16
521     -5.619    917     67      7      9
522     -5.623    909     73      6     12
523     -5.629    908     71      7     14
524     -5.630    920     66      3     11
525     -5.593    909     77      5      9
526     -5.603    903     82      3     12
527     -5.639    910     72      4     14
528     -5.672    929     63      4      4
529     -5.612    912     65     10     13
530     -5.614    910     70     10     10
531     -5.592    895     81      8     16
532     -5.589    889     86     11     14
533     -5.592    909     75      8      8
534     -5.605    913     68      8     11
535     -5.592    904     80      1     15
536     -5.624    914     68      5     13
537     -5.643    914     68      5     13
538     -5.623    907     69     10     14
539     -5.611    909     75      5     11
540     -5.630    915     65      6     14
541     -5.634    915     70      5     10
542     -5.641    917     67      6     10
543     -5.590    906     75      5     14
544     -5.641    929     58      5      8
545     -5.664    930     49      4     17
546     -5.601    905     73     11     11
547     -5.576    896     85      6     13
548     -5.618    915     68      6     11
549     -5.580    895     92      2     11
550     -5.638    916     66      6     12
551     -5.600    911     74      6      9
552     -5.617    903     81      5     11
553     -5.591    904     68      8     20
554     -5.627    894     89      8      9
555     -5.588    916     62      7     15
556     -5.602    893     84     14      9
557     -5.582    913     62      4     21
558     -5.632    912     70      7     11
559     -5.591    902     76      6     16
560     -5.616    918     65      5     12
561     -5.620    910     76      5      9
562     -5.600    915     72      5      8
563     -5.599    903     76      5     16
564     -5.601    904     71      5     20
565     -5.572    898     82      5     15
566     -5.646    918     68      2     12
567     -5.585    903     79      3     15
568     -5.598    900     75      8     17
569     -5.617    896     81      9     14
570     -5.614    910     70      7     13
571     -5.612    899     79      7     15
572     -5.575    904     65     10     21
573     -5.597    895     83      8     14
574     -5.634    912     71      6     11
575     -5.614    919     61      6     14
576     -5.634    914     70      6     10
577     -5.626    919     63      9      9
578     -5.583    910     74      5     11
579     -5.578    903     66      7     24
580     -5.628    926     57      4     13
581     -5.643    901     77      8     14
582     -5.599    897     81      9     13
583     -5.629    896     85      9     10
584     -5.624    901     82      5     12
585     -5.598    911     71      1     17
586     -5.607    900     77     10     13
587     -5.604    905     71     10     14
588     -5.654    916     67      6     11
589     -5.582    900     80      7     13
590     -5.623    912     68      4     16
591     -5.643    926     55      6     13
592     -5.643    928     56      1     15
593     -5.648    912     72      7      9
594     -5.627    918     66      6     10
595     -5.600    909     73      2     16
596     -5.585    913     72      4     11
597     -5.636    915     65      8     12
598     -5.605    908     71      6     15
599     -5.637    911     72      2     15
600     -5.614    910     77      0     13
601     -5.627    905     77      9      9
602     -5.595    905     74      6     15
603     -5.605    917     56      9     18
604     -5.590    913     69      6     12
605     -5.650    922     65      9      4
606     -5.647    924     64      5      7
607     -5.647    911     67     11     11
608     -5.595    911     70      6     13
609     -5.614    913     68      0     19
610     -5.625    915     54      6     25
611     -5.574    910     68      5     17
612     -5.603    899     78     10     13
613     -5.596    912     71      0     17
614     -5.628    903     81      6     10
615     -5.616    919     62      5     14
616     -5.631    908     67      9     16
617     -5.616    907     74      4     15
618     -5.654    922     59      8     11
619     -5.605    905     74      4     17
620     -5.636    908     79      6      7
621     -5.657    922     66      2     10
622     -5.615    914     68      6     12
623     -5.653    918     61      6     15
624     -5.626    910     62     10     18
625     -5.630    910     74      3     13
626     -5.637    904     79      7     10
627     -5.653    917     72      2      9
628     -5.611    902     75      5     18
629     -5.627    926     56      5     13
630     -5.594    912     72      5     11
631     -5.621    916     62      5     17
632     -5.641    911     75      5      9
633     -5.645    929     58      3     10
634     -5.662    919     62      5     14
635     -5.624    909     74      5     12
636     -5.625    915     72      9      4
637     -5.602    905     75      4     16
638     -5.649    915     69      6     10
639     -5.606    902     80      8     10
640     -5.606    913     76      0     11
641     -5.641    922     62      7      9
642     -5.599    902     80      7     11
643     -5.640    916     69      3     12
644     -5.662    935     51      4     10
645     -5.609    900     76     14     10
646     -5.618    914     67      5     14
647     -5.615    913     68      5     14
648     -5.545    901     72      7     20
649     -5.610    904     75      6     15
650     -5.635    915     65      6     14
651     -5.563    891     89      3     17
652     -5.606    908     74      7     11
653     -5.603    895     80      5     20
654     -5.621    904     78      1     17
655     -5.571    893     91      4     12
656     -5.682    910     81      4      5
657     -5.562    898     81      6     15
658     -5.600    910     67      7     16
659     -5.601    911     68      6     15
660     -5.616    907     77      6     10
661     -5.667    917     71      3      9
662     -5.622    906     69     10     15
663     -5.579    899     73      8     20
664     -5.620    910     71      8     11
665     -5.588    908     72      3     17
666     -5.570    896     78      8     18
667     -5.625    915     66      6     13
668     -5.588    906     67     10     17
669     -5.614    902     80      8     10
670     -5.612    900     84      6     10
671     -5.640    920     67      4      9
672     -5.661    906     82      5      7
673     -5.659    925     65      3      7
674     -5.585    899     78      9     14
675     -5.629    916     72      3      9
676     -5.622    905     74      5     16
677     -5.617    914     66      9     11
678     -5.582    913     67     10     10
679     -5.618    922     61      5     12
680     -5.618    907     75      7     11
681     -5.586    900     80      7     13
682     -5.603    910     70     10     10
683     -5.636    918     61      6     15
684     -5.602    910     69      8     13
685     -5.634    910     73      7     10
686     -5.554    900     79      4     17
687     -5.603    912     75      2     11
688     -5.611    908     73     11      8
689     -5.594    911     73      4     12
690     -5.675    921     55     13     11
691     -5.608    912     69      5     14
692     -5.602    919     66      6      9
693     -5.648    925     62      5      8
694     -5.631    910     74      4     12
695     -5.594    909     76      5     10
696     -5.611    905     76     12      7
697     -5.633    928     56      4     12
698     -5.642    923     61      5     11
699     -5.613    908     69     11     12
700     -5.580    906     77      3     14
701     -5.651    917     70      3     10
702     -5.643    911     74      4     11
703     -5.588    899     75      9     17
704     -5.618    911     71      6     12
705     -5.633    914     66      5     15
706     -5.658    925     61      5      9
707     -5.657    926     65      2      7
708     -5.631    917     67      5     11
709     -5.683    927     58      6      9
710     -5.640    913     77      3      7
711     -5.614    910     76      3     11
712     -5.629    924     55      3     18
713     -5.618    908     75      4     13
714     -5.621    926     56      4     14
715     -5.630    901     80      4     15
716     -5.633    920     70      2      8
717     -5.627    919     64      6     11
718     -5.644    920     61      5     14
719     -5.597    908     66      8     18
720     -5.617    911     66      7     16
721     -5.575    909     61     10     20
722     -5.628    896     87      9      8
723     -5.619    902     83      4     11
724     -5.621    922     56      6     16
725     -5.633    921     60      5     14
726     -5.568    897     76      4     23
727     -5.612    915     61      5     19
728     -5.597    896     83      9     12
729     -5.637    904     81      7      8
730     -5.645    921     57      9     13
731     -5.634    918     67      6      9
732     -5.606    903     78      9     10
733     -5.612    906     70      7     17
734     -5.630    920     63      8      9
735     -5.606    917     59      8     16
736     -5.628    913     69      8     10
737     -5.617    911     71      6     12
738     -5.584    904     64     12     20
739     -5.610    900     75     10     15
740     -5.608    907     74      6     13
741     -5.651    915     73      4      8
742     -5.603    905     78      5     12
743     -5.581    907     71      6     16
744     -5.642    921     60      9     10
745     -5.582    905     80      3     12
746     -5.656    918     60      8     14
747     -5.590    905     66     10     19
748     -5.598    912     62      7     19
749     -5.622    912     68      9     11
750     -5.614    905     76      6     13
751     -5.637    920     59      4     17
752     -5.596    903     72      9     16
753     -5.619    915     69      5     11
754     -5.620    920     57      7     16
755     -5.646    912     65     10     13
756     -5.656    922     61      5     12
757     -5.660    915     67      6     12
758     -5.606    903     77     11      9
759     -5.582    903     76      7     14
760     -5.581    912     68      2     18
761     -5.559    898     78      7     17
762     -5.594    914     63     11     12
763     -5.647    913     70      7     10
764     -5.658    924     64      2     10
765     -5.610    904     73     10     13
766     -5.601    902     77      5     16
767     -5.651    916     66      3     15
768     -5.638    925     61      0     14
769     -5.615    917     63     10     10
770     -5.626    913     69      8     10
771     -5.603    903     74      6     17
772     -5.618    908     71      6     15
773     -5.623    925     55      3     17
774     -5.619    911     71      5     13
775     -5.616    915     65      9     11
776     -5.607    901     80      6     13
777     -5.615    906     72      6     16
778     -5.577    897     83      5     15
779     -5.602    912     66      8     14
780     -5.582    906     70      8     16
781     -5.629    928     58      7      7
782     -5.623    909     75      3     13
783     -5.589    909     64      9     18
784     -5.618    908     71      7     14
785     -5.602    905     77      6     12
786     -5.636    916     73      1     10
787     -5.613    902     85      7      6
788     -5.615    913     72      6      9
789     -5.593    913     69      4     14
790     -5.622    905     76      9     10
791     -5.627    903     78      8     11
792     -5.625    918     64      7     11
793     -5.633    909     75      6     10
794     -5.594    912     67      6     15
795     -5.648    912     65      8     15
796     -5.644    909     80      4      7
797     -5.626    922     66      6      6
798     -5.580    904     81      1     14
799     -5.595    912     64      6     18
800     -5.629    910     70      5     15
801     -5.615    901     86      5      8
802     -5.595    904     72      5     19
803     -5.620    916     71      4      9
804     -5.620    913     69      7     11
805     -5.607    911     64      6     19
806     -5.676    928     61      2      9
807     -5.662    930     61      3      6
808     -5.603    904     75      6     15
809     -5.609    899     84      4     13
810     -5.603    898     82     10     10
811     -5.612    899     82      7     12
812     -5.619    909     76      6      9
813     -5.600    904     83      6      7
814     -5.600    901     80      4     15
815     -5.608    905     68      8     19
816     -5.626    914     70      4     12
817     -5.640    917     65      7     11
818     -5.580    902     80      4     14
819     -5.639    905     80      3     12
820     -5.559    894     85      5     16
821     -5.594    925     57      7     11
822     -5.659    919     63      8     10
823     -5.642    915     72      7      6
824     -5.609    911     71      5     13
825     -5.606    914     69      5     12
826     -5.624    907     74      4     15
827     -5.619    922     53      6     19
828     -5.646    930     59      3      8
829     -5.572    903     71      9     17
830     -5.546    901     71      7     21
831     -5.640    924     58      5     13
832     -5.658    917     62      6     15
833     -5.636    914     70      3     13
834     -5.642    922     63      1     14
835     -5.607    916     74      2      8
836     -5.598    918     66      2     14
837     -5.624    906     74      8     12
838     -5.588    905     76      3     16
839     -5.652    925     58      5     12
840     -5.578    899     84      3     14
841     -5.614    908     68      7     17
842     -5.618    898     83      6     13
843     -5.616    910     76      5      9
844     -5.612    904     75      7     14
845     -5.599    915     61      7     17
846     -5.603    911     69      6     14
847     -5.642    921     65      4     10
848     -5.638    915     69      9      7
849     -5.705    932     59      7      2
850     -5.613    913     72      5     10
851     -5.632    917     68      6      9
852     -5.594    907     73      5     15
853     -5.602    916     72      2     10
854     -5.618    921     54      8     17
855     -5.623    921     64      3     12
856     -5.634    915     64      4     17
857     -5.631    917     74      2      7
858     -5.606    910     61      7     22
859     -5.624    923     63      5      9
860     -5.636    905     78      6     11
861     -5.597    913     72      6      9
862     -5.652    927     59      2     12
863     -5.598    910     76      6      8
864     -5.652    924     65      3      8
865     -5.613    911     68      9     12
866     -5.612    914     64      6     16
867     -5.640    918     65      4     13
868     -5.611    899     80      9     12
869     -5.653    930     55      4     11
870     -5.614    911     72      7     10
871     -5.591    898     80      1     21
872     -5.649    922     62      5     11
873     -5.599    914     64      5     17
874     -5.598    908     72      5     15
875     -5.624    916     67      5     12
876     -5.622    922     65      2     11
877     -5.620    917     63      8     12
878     -5.611    890     89     11     10
879     -5.628    918     64      7     11
880     -5.628    910     69      8     13
881     -5.623    903     73      8     16
882     -5.655    927     57      1     15
883     -5.628    915     70      5     10
884     -5.650    917     70      5      8
885     -5.638    915     71      5      9
886     -5.608    909     71      5     15
887     -5.615    924     57      4     15
888     -5.591    915     65      6     14
889     -5.638    919     67      2     12
890     -5.650    923     64      4      9
891     -5.618    915     68      4     13
892     -5.588    911     67      5     17
893     -5.687    932     57      4      7
894     -5.597    910     70      8     12
895     -5.610    912     68      8     12
896     -5.641    910     78      2     10
897     -5.641    909     78      7      6
898     -5.613    912     77      5      6
899     -5.583    909     74      5     12
900     -5.597    909     74      8      9
901     -5.581    910     71      3     16
902     -5.574    902     65      8     25
903     -5.649    921     59      4     16
904     -5.597    905     76      2     17
905     -5.613    906     73      8     13
906     -5.651    911     73      8      8
907     -5.602    908     72      9     11
908     -5.629    919     65      2     14
909     -5.641    907     81      5      7
910     -5.649    911     75      9      5
911     -5.613    919     69      6      6
912     -5.641    928     57      5     10
913     -5.631    916     71      3     10
914     -5.624    914     75      6      5
915     -5.587    908     70      7     15
916     -5.610    909     77      3     11
917     -5.635    911     69      9     11
918     -5.587    898     76     11     15
919     -5.589    910     69      7     14
920     -5.610    908     70      6     16
921     -5.610    915     66      4     15
922     -5.612    898     88      5      9
923     -5.641    918     68      5      9
924     -5.599    910     70      7     13
925     -5.672    919     71      6      4
926     -5.631    915     66      6     13
927     -5.610    914     66      5     15
928     -5.647    915     69      5     11
929     -5.590    912     66     10     12
930     -5.581    897     83      7     13
931     -5.573    899     74     11     16
932     -5.602    907     71      4     18
933     -5.611    909     68      7     16
934     -5.612    909     72      5     14
935     -5.654    915     72      4      9
936     -5.632    905     69     10     16
937     -5.631    922     55      7     16
938     -5.616    913     61      8     18
939     -5.595    921     59      6     14
940     -5.639    918     67      4     11
941     -5.634    921     61      9      9
942     -5.596    911     65      3     21
943     -5.623    920     66      2     12
944     -5.659    921     68      4      7
945     -5.650    916     63     10     11
946     -5.640    916     65      3     16
947     -5.616    907     76      6     11
948     -5.633    925     63      3      9
949     -5.620    915     69      3     13
950     -5.614    911     67      6     16
951     -5.625    902     77      4     17
952     -5.626    912     72      4     12
953     -5.603    913     73      3     11
954     -5.644    915     69      6     10
955     -5.632    916     69      2     13
956     -5.590    903     79      5     13
957     -5.626    914     66      5     15
958     -5.646    915     70      4     11
959     -5.652    928     56      4     12
960     -5.624    920     62      2     16
961     -5.639    916     66      7     11
962     -5.606    907     79      6      8
963     -5.658    915     70      4     11
964     -5.606    908     77      6      9
965     -5.618    910     75      4     11
966     -5.628    918     71      2      9
967     -5.614    911     73      4     12
968     -5.615    902     84      2     12
969     -5.578    886     93      9     12
970     -5.580    904     76      4     16
971     -5.646    923     59      7     11
972     -5.590    909     68      8     15
973     -5.600    903     70      7     20
974     -5.593    897     87     11      5
975     -5.617    903     79      8     10
976     -5.604    916     63      2     19
977     -5.649    916     76      1      7
978     -5.614    917     60      7     16
979     -5.592    902     76      8     14
980     -5.632    910     72      5     13
981     -5.636    922     64      3     11
982     -5.611    901     75      9     15
983     -5.626    911     68      3     18
984     -5.622    918     63      6     13
985     -5.626    926     56      4     14
986     -5.645    912     68      5     15
987     -5.615    901     79      9     11
988     -5.627    912     73      7      8
989     -5.633    916     60      6     18
990     -5.632    915     63      9     13
991     -5.637    914     74      3      9
992     -5.625    915     64      7     14
993     -5.654    933     55      2     10
994     -5.638    916     68      6     10
995     -5.613    906     77      4     13
996     -5.593    921     56      9     14
997     -5.574    890     80      8     22
998     -5.602    904     77      6     13
999     -5.644    921     67      7      5
1000    -5.611    894     84      7     15
1001    -5.614    907     76      7     10
1002    -5.588    888     91      8     13
1003    -5.650    920     65      4     11
1004    -5.569    895     83      6     16
1005    -5.590    904     71      7     18
1006    -5.603    886     93      9     12
1007    -5.623    913     70      5     12
1008    -5.651    915     72      4      9
1009    -5.591    914     64      6     16
1010    -5.607    905     74      9     12
1011    -5.626    918     64      7     11
1012    -5.613    922     59      5     14
1013    -5.581    900     74      5     21
1014    -5.626    913     65      4     18
1015    -5.608    922     57      4     17
1016    -5.586    900     76      6     18
1017    -5.616    915     71      6      8
1018    -5.632    912     67      8     13
1019    -5.583    901     81      7     11
1020    -5.636    918     67      4     11
1021    -5.661    918     71      4      7
1022    -5.640    920     60      6     14
1023    -5.648    926     58      7      9
1024    -5.605    901     85      7      7
1025    -5.626    908     75      5     12
1026    -5.600    911     68      8     13
1027    -5.623    905     77      9      9
1028    -5.611    904     82      4     10
1029    -5.610    905     82      6      7
1030    -5.610    903     82      5     10
1031    -5.587    889     85      8     18
1032    -5.581    903     75     10     12
1033    -5.633    909     71      4     16
1034    -5.555    900     73     10     17
1035    -5.572    887     89      6     18
1036    -5.606    922     62      3     13
1037    -5.617    905     76      6     13
1038    -5.622    916     65      8     11
1039    -5.583    895     84      6     15
1040    -5.624    920     67      5      8
1041    -5.614    914     68      5     13
1042    -5.644    914     68      8     10
1043    -5.626    917     68      6      9
1044    -5.633    917     66      6     11
1045    -5.632    914     71      3     12
1046    -5.587    901     78      7     14
1047    -5.636    922     56      7     15
1048    -5.627    912     78      3      7
1049    -5.585    901     80      6     13
1050    -5.591    908     71      3     18
1051    -5.585    890     79     12     19
1052    -5.605    904     76      5     15
1053    -5.644    925     64      1     10
1054    -5.575    894     87      7     12
1055    -5.619    907     73      8     12
1056    -5.570    892     85      6     17
1057    -5.628    913     56     12     19
1058    -5.628    908     74      6     12
1059    -5.663    917     70      5      8
1060    -5.616    920     63      4     13
1061    -5.582    895     80      9     16
1062    -5.644    916     67      6     11
1063    -5.578    908     71      3     18
1064    -5.660    921     62      5     12
1065    -5.589    915     65      7     13
1066    -5.586    897     82      7     14
1067    -5.606    901     88      2      9
1068    -5.607    901     72      9     18
1069    -5.601    905     71      9     15
1070    -5.651    921     57     11     11
1071    -5.591    906     69      8     17
1072    -5.578    905     76      4     15
1073    -5.603    916     61      8     15
1074    -5.618    917     63      6     14
1075    -5.599    901     80      4     15
1076    -5.594    891     82      7     20
1077    -5.599    905     72      7     16
1078    -5.640    919     63      6     12
1079    -5.618    905     71      5     19
1080    -5.589    909     75      3     13
1081    -5.611    893     89      6     12
1082    -5.586    902     78      1     19
1083    -5.570    902     77      4     17
1084    -5.578    908     72      4     16
1085    -5.638    901     85      5      9
1086    -5.607    914     69      9      8
1087    -5.657    918     63      8     11
1088    -5.653    912     65     11     12
1089    -5.660    925     66      3      6
1090    -5.578    896     82      4     18
1091    -5.625    908     77      2     13
1092    -5.621    908     78      4     10
1093    -5.573    912     70      5     13
1094    -5.628    914     65      9     12
1095    -5.595    910     70      5     15
1096    -5.607    903     75     10     12
1097    -5.578    896     79     11     14
1098    -5.624    907     76      5     12
1099    -5.633    916     72      4      8
1100    -5.603    907     74      4     15
1101    -5.600    905     79      5     11
1102    -5.605    911     72      7     10
1103    -5.590    887     93      6     14
1104    -5.613    906     76      3     15
1105    -5.637    916     64      6     14
1106    -5.627    914     74      1     11
1107    -5.653    918     65      7     10
1108    -5.659    923     60      8      9
1109    -5.622    922     57      5     16
1110    -5.650    917     64      7     12
1111    -5.645    915     68      5     12
1112    -5.657    919     56      5     20
1113    -5.624    921     63      1     15
1114    -5.614    901     72     11     16
1115    -5.622    908     78      1     13
1116    -5.596    896     85      4     15
1117    -5.674    928     56      4     12
1118    -5.613    925     56      3     16
1119    -5.615    908     76      7      9
1120    -5.598    893     83     11     13
1121    -5.632    924     65      0     11
1122    -5.602    923     65      2     10
1123    -5.614    905     77      7     11
1124    -5.655    919     66      8      7
1125    -5.658    909     72     10      9
1126    -5.634    920     70      4      6
1127    -5.628    902     81      8      9
1128    -5.625    914     67      6     13
1129    -5.623    920     60      4     16
1130    -5.636    922     61      7     10
1131    -5.590    905     76      6     13
1132    -5.601    898     80      4     18
1133    -5.611    914     70      5     11
1134    -5.603    909     68      6     17
1135    -5.678    934     54      6      6
1136    -5.633    920     65      7      8
1137    -5.607    916     68      4     12
1138    -5.607    917     68      4     11
1139    -5.581    899     78      6     17
1140    -5.596    920     60      6     14
1141    -5.629    916     71      7      6
1142    -5.620    911     71      9      9
1143    -5.610    914     68      7     11
1144    -5.625    918     61      8     13
1145    -5.614    901     83      9      7
1146    -5.612    898     82     10     10
1147    -5.624    897     80      8     15
1148    -5.613    903     79      8     10
1149    -5.616    921     65      3     11
1150    -5.619    916     67      8      9
1151    -5.599    913     71      5     11
1152    -5.628    912     70      7     11
1153    -5.583    904     76      3     17
1154    -5.622    914     73      3     10
1155    -5.650    915     74      4      7
1156    -5.577    894     83      5     18
1157    -5.585    899     74     10     17
1158    -5.623    905     77      7     11
1159    -5.568    893     80     10     17
1160    -5.639    917     68      6      9
1161    -5.622    922     57      6     15
1162    -5.603    897     74     12     17
1163    -5.603    920     63      4     13
1164    -5.589    892     88      9     11
1165    -5.624    893     87      7     13
1166    -5.572    904     76      4     16
1167    -5.579    910     69      4     17
1168    -5.584    909     61     12     18
1169    -5.657    925     62      5      8
1170    -5.616    911     72      7     10
1171    -5.624    913     65      8     14
1172    -5.655    921     62      8      9
1173    -5.632    919     68      2     11
1174    -5.621    910     73      9      8
1175    -5.621    913     74      5      8
1176    -5.603    898     83      6     13
1177    -5.626    918     68      2     12
1178    -5.616    906     77      5     12
1179    -5.632    911     74     10      5
1180    -5.654    920     69      3      8
1181    -5.629    899     88      4      9
1182    -5.586    903     74      7     16
1183    -5.608    925     55      3     17
1184    -5.628    907     76      5     12
1185    -5.665    927     60      8      5
1186    -5.610    902     77      4     17
1187    -5.615    912     71      8      9
1188    -5.637    923     61      3     13
1189    -5.616    911     70      5     14
1190    -5.589    899     82      4     15
1191    -5.642    912     66     10     12
1192    -5.630    917     70      3     10
1193    -5.657    912     67      8     13
1194    -5.633    916     63      8     13
1195    -5.618    904     83      4      9
1196    -5.609    902     84      5      9
1197    -5.658    931     55      3     11
1198    -5.627    915     70      5     10
1199    -5.602    917     67      5     11
1200    -5.618    907     78      9      6
1201    -5.634    915     66      6     13
1202    -5.572    892     85      7     16
1203    -5.629    908     81      3      8
1204    -5.559    898     83      3     16
1205    -5.618    909     72      6     13
1206    -5.641    924     64      4      8
1207    -5.640    908     74      7     11
1208    -5.596    904     82      3     11
1209    -5.613    907     76      9      8
1210    -5.625    906     71      7     16
1211    -5.608    906     67      8     19
1212    -5.582    905     73      6     16
1213    -5.629    907     83      1      9
1214    -5.620    911     74      5     10
1215    -5.652    918     69      5      8
1216    -5.620    919     70      5      6
1217    -5.601    917     60      9     14
1218    -5.628    916     61      6     17
1219    -5.673    913     71      4     12
1220    -5.581    903     80      5     12
1221    -5.635    915     64      6     15
1222    -5.589    902     75      8     15
1223    -5.651    921     61      9      9
1224    -5.607    907     73      7     13
1225    -5.623    911     68      6     15
1226    -5.632    921     55     11     13
1227    -5.613    909     71      8     12
1228    -5.595    899     80      7     14
1229    -5.590    901     76      7     16
1230    -5.638    908     80      4      8
1231    -5.636    921     60      9     10
1232    -5.608    917     59      9     15
1233    -5.636    915     71      4     10
1234    -5.600    909     73      5     13
1235    -5.650    908     80      8      4
1236    -5.602    901     86      5      8
1237    -5.640    924     64      7      5
1238    -5.645    905     83      5      7
1239    -5.601    910     74      5     11
1240    -5.590    901     76      4     19
1241    -5.588    917     65      6     12
1242    -5.598    900     79      6     15
1243    -5.601    902     83      5     10
1244    -5.647    912     73      2     13
1245    -5.608    902     80      7     11
1246    -5.625    923     53      8     16
1247    -5.598    900     78      9     13
1248    -5.648    919     67      3     11
1249    -5.604    907     76      5     12
1250    -5.631    912     71      9      8
1251    -5.640    920     63      6     11
1252    -5.593    907     77      6     10
1253    -5.609    911     69      8     12
1254    -5.567    898     79      2     21
1255    -5.671    918     65      7     10
1256    -5.635    919     70      2      9
1257    -5.631    915     67      7     11
1258    -5.642    917     67      7      9
1259    -5.624    917     65      5     13
1260    -5.632    910     69      7     14
1261    -5.641    907     76      4     13
1262    -5.627    908     79      3     10
1263    -5.586    886     95      5     14
1264    -5.602    910     65      9     16
1265    -5.646    913     74      4      9
1266    -5.582    908     68      9     15
1267    -5.658    909     73      8     10
1268    -5.614    918     60      5     17
1269    -5.584    910     69      5     16
1270    -5.660    920     63      3     14
1271    -5.613    898     79     11     12
1272    -5.628    927     52      8     13
1273    -5.620    912     74      3     11
1274    -5.607    907     73      4     16
1275    -5.617    917     62      6     15
1276    -5.607    912     60     10     18
1277    -5.623    899     86      6      9
1278    -5.643    923     55      8     14
1279    -5.629    911     77      1     11
1280    -5.683    935     53      3      9
1281    -5.592    901     83      6     10
1282    -5.569    894     77     10     19
1283    -5.629    912     67      5     16
1284    -5.625    926     54      4     16
1285    -5.570    896     80      6     18
1286    -5.599    918     60      5     17
1287    -5.621    910     75      7      8
1288    -5.622    915     62      9     14
1289    -5.608    910     63      5     22
1290    -5.628    920     61      4     15
1291    -5.600    906     75      7     12
1292    -5.631    919     62      4     15
1293    -5.624    915     63      8     14
1294    -5.625    907     75      4     14
1295    -5.637    915     70      3     12
1296    -5.612    895     84     12      9
1297    -5.633    913     71      2     14
1298    -5.610    915     65      7     13
1299    -5.631    911     77      3      9
1300    -5.678    926     62      6      6
1301    -5.585    901     69      5     25
1302    -5.630    906     78      4     12
1303    -5.622    913     66      6     15
1304    -5.615    925     61      3     11
1305    -5.631    920     63      7     10
1306    -5.658    906     78      4     12
1307    -5.631    918     66      7      9
1308    -5.613    911     69      8     12
1309    -5.637    918     68      3     11
1310    -5.606    914     65     11     10
1311    -5.613    906     75      6     13
1312    -5.658    924     60      6     10
1313    -5.672    918     63      5     14
1314    -5.654    923     66      5      6
1315    -5.609    915     58      9     18
1316    -5.633    913     67      8     12
1317    -5.637    926     56      4     14
1318    -5.556    894     82      7     17
1319    -5.590    898     79      6     17
1320    -5.620    907     77      4     12
1321    -5.631    919     68      4      9
1322    -5.566    902     67     12     19
1323    -5.624    918     68      5      9
1324    -5.614    922     59      6     13
1325    -5.651    924     57      3     16
1326    -5.619    921     60      9     10
1327    -5.597    905     76      7     12
1328    -5.633    910     73      5     12
1329    -5.587    901     75      5     19
1330    -5.619    909     68      4     19
1331    -5.607    910     67      6     17
1332    -5.607    913     69      4     14
1333    -5.609    911     72      3     14
1334    -5.583    910     70      4     16
1335    -5.624    913     68      9     10
1336    -5.624    919     64      4     13
1337    -5.590    899     83      3     15
1338    -5.584    914     67      5     14
1339    -5.595    911     67      7     15
1340    -5.653    927     60      4      9
1341    -5.605    918     58      8     16
1342    -5.646    919     69      4      8
1343    -5.617    920     60      8     12
1344    -5.623    910     74      7      9
1345    -5.651    914     74      5      7
1346    -5.616    921     60      5     14
1347    -5.600    906     76      4     14
1348    -5.610    906     70      7     17
1349    -5.580    902     79      4     15
1350    -5.585    898     82      5     15
1351    -5.600    906     75      5     14
1352    -5.642    907     74      5     14
1353    -5.594    917     61      4     18
1354    -5.626    915     61      8     16
1355    -5.575    903     76      7     14
1356    -5.596    901     83      8      8
1357    -5.627    914     70      7      9
1358    -5.572    906     67      5     22
1359    -5.627    916     70      2     12
1360    -5.663    917     70      8      5
1361    -5.627    924     57      6     13
1362    -5.595    895     78     12     15
1363    -5.581    909     73      6     12
1364    -5.660    927     61      3      9
1365    -5.603    911     74      5     10
1366    -5.652    914     72      4     10
1367    -5.619    918     62      1     19
1368    -5.669    924     63      4      9
1369    -5.644    914     75      6      5
1370    -5.599    911     74      7      8
1371    -5.587    901     77      9     13
1372    -5.622    918     71      6      5
1373    -5.639    909     70      7     14
1374    -5.624    911     76      6      7
1375    -5.595    893     83      5     19
1376    -5.654    926     59      6      9
1377    -5.671    916     68      8      8
1378    -5.581    908     77      3     12
1379    -5.627    914     64      8     14
1380    -5.550    894     85      5     16
1381    -5.626    922     55      5     18
1382    -5.653    921     65      4     10
1383    -5.594    912     64      9     15
1384    -5.615    916     66      6     12
1385    -5.630    911     72      6     11
1386    -5.620    911     73      5     11
1387    -5.599    895     82      5     18
1388    -5.640    916     72      1     11
1389    -5.642    911     82      3      4
1390    -5.630    902     79      7     12
1391    -5.611    906     75      8     11
1392    -5.584    909     69      3     19
1393    -5.604    906     72      6     16
1394    -5.601    909     73      5     13
1395    -5.599    915     67      5     13
1396    -5.604    908     73      5     14
1397    -5.616    910     65      9     16
1398    -5.641    930     57      3     10
1399    -5.619    910     76      3     11
1400    -5.625    912     68      6     14
1401    -5.666    923     67      3      7
1402    -5.615    923     53      8     16
1403    -5.623    922     58      7     13
1404    -5.645    918     63      5     14
1405    -5.636    919     64      6     11
1406    -5.615    902     75      8     15
1407    -5.613    912     74      3     11
1408    -5.616    914     66      8     12
1409    -5.639    912     75      4      9
1410    -5.575    899     71     12     18
1411    -5.646    921     66      3     10
1412    -5.591    901     70     12     17
1413    -5.588    902     74      6     18
1414    -5.601    905     71      8     16
1415    -5.611    918     60      5     17
1416    -5.604    902     78      7     13
1417    -5.590    901     76      7     16
1418    -5.585    900     71     10     19
1419    -5.596    921     57      4     18
1420    -5.629    925     59      5     11
1421    -5.652    929     57      7      7
1422    -5.616    908     75      5     12
1423    -5.616    903     69      7     21
1424    -5.620    917     63      5     15
1425    -5.650    916     74      4      6
1426    -5.542    886     87      5     22
1427    -5.649    918     67      5     10
1428    -5.608    905     79      5     11
1429    -5.613    915     65      3     17
1430    -5.598    906     76      7     11
1431    -5.640    916     66      8     10
1432    -5.598    903     81      5     11
1433    -5.603    912     70      2     16
1434    -5.638    913     68      7     12
1435    -5.591    917     57      0     26
1436    -5.587    913     68      8     11
1437    -5.623    907     82      5      6
1438    -5.608    905     78      6     11
1439    -5.609    904     77      5     14
1440    -5.613    902     69      9     20
1441    -5.610    916     62      5     17
1442    -5.673    916     72      6      6
1443    -5.610    913     72      3     12
1444    -5.612    907     76      7     10
1445    -5.637    916     72      3      9
1446    -5.604    909     74      4     13
1447    -5.663    918     70      7      5
1448    -5.630    904     83      3     10
1449    -5.588    904     83      1     12
1450    -5.635    908     77      7      8
1451    -5.614    904     76     10     10
1452    -5.614    895     83      8     14
1453    -5.618    900     82      9      9
1454    -5.621    917     61      8     14
1455    -5.609    903     76      7     14
1456    -5.658    931     57      4      8
1457    -5.624    920     58     10     12
1458    -5.612    907     75      6     12
1459    -5.614    921     58     10     11
1460    -5.593    908     74      5     13
1461    -5.563    890     86     10     14
1462    -5.636    918     63      7     12
1463    -5.588    897     86      2     15
1464    -5.589    912     67      7     14
1465    -5.649    918     72      2      8
1466    -5.637    912     69      9     10
1467    -5.597    917     68      1     14
1468    -5.646    914     64      9     13
1469    -5.623    917     64      6     13
1470    -5.626    914     70      7      9
1471    -5.617    914     72      3     11
1472    -5.624    916     72      4      8
1473    -5.633    915     68      5     12
1474    -5.604    923     61      3     13
1475    -5.642    920     67      3     10
1476    -5.621    909     77      7      7
1477    -5.583    900     78      4     18
1478    -5.641    901     74     11     14
1479    -5.634    915     67      7     11
1480    -5.642    926     57      5     12
1481    -5.626    912     75      2     11
1482    -5.657    920     63      7     10
1483    -5.578    903     74      4     19
1484    -5.603    913     73      5      9
1485    -5.635    904     81      5     10
1486    -5.596    906     65      5     24
1487    -5.620    899     87      4     10
1488    -5.558    907     72      7     14
1489    -5.643    904     77      8     11
1490    -5.650    906     73      9     12
1491    -5.618    903     77      3     17
1492    -5.658    931     60      4      5
1493    -5.677    933     53      5      9
1494    -5.647    916     72      2     10
1495    -5.646    924     61      3     12
1496    -5.600    908     69      8     15
1497    -5.567    901     74      6     19
1498    -5.628    910     71      7     12
1499    -5.593    904     71      7     18
1500    -5.593    902     73     10     15
1501    -5.625    921     64      4     11
1502    -5.637    915     66      5     14
1503    -5.591    899     78      9     14
1504    -5.596    902     80      3     15
1505    -5.621    911     73      7      9
1506    -5.606    913     61      8     18
1507    -5.614    926     58      2     14
1508    -5.665    917     69      5      9
1509    -5.618    915     63      5     17
1510    -5.604    900     73      7     20
1511    -5.633    915     75      2      8
1512    -5.633    931     57      1     11
1513    -5.593    906     74      3     17
1514    -5.637    916     68      3     13
1515    -5.625    906     75      5     14
1516    -5.648    909     71      8     12
1517    -5.599    904     75      7     14
1518    -5.601    911     62     12     15
1519    -5.582    884     93      4     19
1520    -5.589    905     70     11     14
1521    -5.572    891     91      7     11
1522    -5.603    910     72      2     16
1523    -5.631    909     69     12     10
1524    -5.658    920     64      5     11
1525    -5.637    914     69      8      9
1526    -5.621    912     76      1     11
1527    -5.625    909     68      8     15
1528    -5.602    904     78      3     15
1529    -5.632    914     73      6      7
1530    -5.660    921     72      4      3
1531    -5.597    918     58      9     15
1532    -5.607    910     70      4     16
1533    -5.624    914     70      4     12
1534    -5.560    895     82      8     15
1535    -5.608    912     70      4     14
1536    -5.583    916     71      4      9
1537    -5.642    931     58      5      6
1538    -5.558    904     70      4     22
1539    -5.611    912     66      5     17
1540    -5.572    892     81     11     16
1541    -5.626    914     73      2     11
1542    -5.615    906     75      4     15
1543    -5.655    912     73      6      9
1544    -5.609    915     72      3     10
1545    -5.602    917     65      3     15
1546    -5.599    914     65      6     15
1547    -5.612    908     68      8     16
1548    -5.574    906     70     10     14
1549    -5.596    911     63     11     15
1550    -5.641    919     70      3      8
1551    -5.642    915     67      6     12
1552    -5.595    917     67      4     12
1553    -5.542    887     88      5     20
1554    -5.600    907     77      4     12
1555    -5.613    910     73      6     11
1556    -5.623    922     61      6     11
1557    -5.606    905     81      5      9
1558    -5.617    914     65      5     16
1559    -5.620    899     80      9     12
1560    -5.592    914     68      3     15
1561    -5.608    903     80      4     13
1562    -5.647    908     76      5     11
1563    -5.598    902     77      8     13
1564    -5.616    907     73      4     16
1565    -5.574    898     82      5     15
1566    -5.611    920     64      3     13
1567    -5.650    925     57      4     14
1568    -5.653    918     65      5     12
1569    -5.632    918     64      5     13
1570    -5.586    896     79      9     16
1571    -5.629    918     65      7     10
1572    -5.620    915     71      2     12
1573    -5.627    923     57      6     14
1574    -5.553    896     74      6     24
1575    -5.618    916     64     11      9
1576    -5.570    901     70      9     20
1577    -5.587    909     64      9     18
1578    -5.596    915     62      7     16
1579    -5.613    906     78      5     11
1580    -5.603    909     71      5     15
1581    -5.623    920     62      6     12
1582    -5.575    909     65      8     18
1583    -5.617    917     64      7     12
1584    -5.617    917     64      7     12
1585    -5.605    914     72      5      9
1586    -5.618    917     67      4     12
1587    -5.611    897     87      9      7
1588    -5.597    904     72      9     15
1589    -5.568    906     75      3     16
1590    -5.630    916     64      8     12
1591    -5.614    894     89      6     11
1592    -5.588    893     88      5     14
1593    -5.584    911     73      5     11
1594    -5.609    909     72      5     14
1595    -5.584    905     76      7     12
1596    -5.608    911     67      6     16
1597    -5.635    913     76      4      7
1598    -5.630    910     68      8     14
1599    -5.617    916     63      7     14
1600    -5.636    917     65      7     11
1601    -5.625    913     76      5      6
1602    -5.593    904     74     13      9
1603    -5.627    920     60     11      9
1604    -5.594    906     73      4     17
1605    -5.596    906     73      4     17
1606    -5.591    911     70      5     14
1607    -5.650    919     65      6     10
1608    -5.623    916     67      5     12
1609    -5.612    915     72      4      9
1610    -5.611    904     78      5     13
1611    -5.597    900     83      6     11
1612    -5.647    921     65      4     10
1613    -5.639    918     68      6      8
1614    -5.628    912     66     12     10
1615    -5.641    914     66      9     11
1616    -5.605    903     80      6     11
1617    -5.636    912     70     10      8
1618    -5.596    903     74      8     15
1619    -5.622    916     66      4     14
1620    -5.616    908     80      5      7
1621    -5.588    911     68      7     14
1622    -5.577    894     79      5     22
1623    -5.614    904     73      6     17
1624    -5.630    918     63      8     11
1625    -5.618    908     71      5     16
1626    -5.650    917     69      3     11
1627    -5.595    911     70      6     13
1628    -5.619    904     82      3     11
1629    -5.649    910     64     11     15
1630    -5.624    907     73     10     10
1631    -5.585    902     75      6     17
1632    -5.633    913     75      5      7
1633    -5.589    896     81      6     17
1634    -5.602    914     65      5     16
1635    -5.639    907     78      4     11
1636    -5.620    912     71      6     11
1637    -5.608    902     76     10     12
1638    -5.605    909     71      4     16
1639    -5.624    901     86      4      9
1640    -5.615    911     67      5     17
1641    -5.604    911     74      2     13
1642    -5.609    910     70      6     14
1643    -5.648    915     65      4     16
1644    -5.622    915     67      5     13
1645    -5.606    919     65      1     15
1646    -5.647    933     53      4     10
1647    -5.595    910     69      4     17
1648    -5.622    914     65      5     16
1649    -5.615    908     76      3     13
1650    -5.591    899     83      7     11
1651    -5.624    903     75      7     15
1652    -5.639    932     51      3     14
1653    -5.631    916     66      6     12
1654    -5.589    905     77      4     14
1655    -5.618    924     59      4     13
1656    -5.613    907     81      3      9
1657    -5.610    907     67      8     18
1658    -5.649    919     64      6     11
1659    -5.640    910     75      5     10
1660    -5.603    897     86      3     14
1661    -5.612    905     75      8     12
1662    -5.638    917     61      7     15
1663    -5.618    923     58      6     13
1664    -5.626    919     64      2     15
1665    -5.624    914     70      4     12
1666    -5.636    913     69      5     13
1667    -5.611    890     88      7     15
1668    -5.645    906     77      8      9
1669    -5.597    905     82      2     11
1670    -5.607    911     68      7     14
1671    -5.628    905     73     10     12
1672    -5.655    917     71      4      8
1673    -5.600    901     75      4     20
1674    -5.610    905     76      8     11
1675    -5.606    919     62      7     12
1676    -5.642    922     59      7     12
1677    -5.602    913     61      8     18
1678    -5.643    920     65      5     10
1679    -5.634    935     53      3      9
1680    -5.650    912     69      8     11
1681    -5.628    907     78      4     11
1682    -5.627    907     70      8     15
1683    -5.583    893     87      8     12
1684    -5.642    915     72      4      9
1685    -5.626    908     71      6     15
1686    -5.611    902     79      6     13
1687    -5.628    907     67      9     17
1688    -5.588    913     65      5     17
1689    -5.619    908     75      5     12
1690    -5.653    924     64      5      7
1691    -5.578    892     83      6     19
1692    -5.655    910     77      5      8
1693    -5.605    908     68      9     15
1694    -5.637    915     71      8      6
1695    -5.613    917     70      2     11
1696    -5.600    909     63     13     15
1697    -5.615    901     84      3     12
1698    -5.589    903     72      8     17
1699    -5.599    904     79      6     11
1700    -5.617    897     88      9      6
1701    -5.662    911     75      5      9
1702    -5.638    914     66      7     13
1703    -5.641    923     65      3      9
1704    -5.570    912     64      5     19
1705    -5.598    910     65      8     17
1706    -5.646    916     68      3     13
1707    -5.603    911     69      4     16
1708    -5.639    917     70      4      9
1709    -5.608    913     70      4     13
1710    -5.579    899     83      6     12
1711    -5.597    902     72      6     20
1712    -5.635    920     64      4     12
1713    -5.645    915     68      6     11
1714    -5.603    910     74      2     14
1715    -5.592    913     68      4     15
1716    -5.629    921     60      7     12
1717    -5.639    920     64      4     12
1718    -5.627    909     81      2      8
1719    -5.594    906     73      6     15
1720    -5.635    923     57      5     15
1721    -5.573    903     69     11     17
1722    -5.629    916     72      4      8
1723    -5.647    919     63      6     12
1724    -5.594    899     74      6     21
1725    -5.617    911     67      7     15
1726    -5.573    903     80      4     13
1727    -5.605    906     72      4     18
1728    -5.613    920     65      2     13
1729    -5.632    917     58      7     18
1730    -5.615    921     63      3     13
1731    -5.603    913     65      5     17
1732    -5.653    929     56      4     11
1733    -5.627    912     75      8      5
1734    -5.595    908     71      5     16
1735    -5.628    917     64      8     11
1736    -5.569    901     80      5     14
1737    -5.630    905     78      7     10
1738    -5.581    902     77      8     13
1739    -5.629    919     72      1      8
1740    -5.650    919     67      3     11
1741    -5.596    906     75      7     12
1742    -5.587    903     79      4     14
1743    -5.611    903     75      6     16
1744    -5.637    920     64      8      8
1745    -5.624    907     78      4     11
1746    -5.575    902     77      5     16
1747    -5.610    906     72      9     13
1748    -5.627    901     77      8     14
1749    -5.636    915     71      6      8
1750    -5.607    911     64      9     16
1751    -5.630    916     67      7     10
1752    -5.652    905     78      7     10
1753    -5.618    908     79      4      9
1754    -5.627    914     73      6      7
1755    -5.641    913     63      5     19
1756    -5.662    926     62      4      8
1757    -5.647    925     64      2      9
1758    -5.574    902     69     10     19
1759    -5.570    908     67      5     20
1760    -5.627    915     70      3     12
1761    -5.569    885     92      6     17
1762    -5.600    904     70      7     19
1763    -5.617    918     63      3     16
1764    -5.639    919     66      9      6
1765    -5.617    913     73      6      8
1766    -5.645    915     71      5      9
1767    -5.626    925     66      3      6
1768    -5.600    922     59      5     14
1769    -5.567    899     78      5     18
1770    -5.618    912     74      6      8
1771    -5.625    912     73      5     10
1772    -5.622    911     73      7      9
1773    -5.584    900     80      6     14
1774    -5.627    923     66      3      8
1775    -5.610    897     82      4     17
1776    -5.653    914     69      8      9
1777    -5.605    902     77      9     12
1778    -5.641    919     69      6      6
1779    -5.586    903     71      5     21
1780    -5.635    921     62      5     12
1781    -5.639    919     68      4      9
1782    -5.602    913     67      5     15
1783    -5.557    892     81      5     22
1784    -5.642    912     74      4     10
1785    -5.640    911     68      6     15
1786    -5.630    908     73      6     13
1787    -5.584    902     74      9     15
1788    -5.576    906     70      5     19
1789    -5.580    903     79      5     13
1790    -5.606    910     72      2     16
1791    -5.612    911     69     10     10
1792    -5.593    907     77      4     12
1793    -5.624    913     65      6     16
1794    -5.567    898     84      7     11
1795    -5.612    920     69      5      6
1796    -5.625    902     80      6     12
1797    -5.625    911     63     12     14
1798    -5.628    915     69      3     13
1799    -5.612    916     64      5     15
1800    -5.637    914     75      3      8
1801    -5.626    906     75      9     10
1802    -5.626    922     67      6      5
1803    -5.594    904     61     11     24
1804    -5.628    912     77      1     10
1805    -5.634    907     70      8     15
1806    -5.627    904     78      8     10
1807    -5.630    909     75      5     11
1808    -5.615    913     65      5     17
1809    -5.569    888     94      3     15
1810    -5.643    914     67      7     12
1811    -5.578    900     79      5     16
1812    -5.614    910     70      7     13
1813    -5.568    903     80      3     14
1814    -5.618    912     67      7     14
1815    -5.595    907     70      7     16
1816    -5.580    902     75      5     18
1817    -5.608    918     67      5     10
1818    -5.639    920     60      7     13
1819    -5.632    915     62      9     14
1820    -5.608    904     76      6     14
1821    -5.647    925     60      5     10
1822    -5.619    909     68      4     19
1823    -5.633    915     79      2      4
1824    -5.661    916     61      5     18
1825    -5.607    916     66      5     13
1826    -5.625    925     60      1     14
1827    -5.648    915     67      6     12
1828    -5.643    902     82      4     12
1829    -5.564    903     66      5     26
1830    -5.632    917     67      4     12
1831    -5.617    920     61      7     12
1832    -5.621    908     73      6     13
1833    -5.612    917     67      5     11
1834    -5.631    922     58     10     10
1835    -5.578    904     80      3     13
1836    -5.628    919     67      5      9
1837    -5.614    903     80      4     13
1838    -5.627    916     65      5     14
1839    -5.618    906     68      9     17
1840    -5.609    905     78      3     14
1841    -5.594    892     88      4     16
1842    -5.650    915     61     10     14
1843    -5.640    912     66     10     12
1844    -5.642    907     74      9     10
1845    -5.592    910     63      6     21
1846    -5.588    909     72      5     14
1847    -5.638    914     66     10     10
1848    -5.626    922     62      4     12
1849    -5.635    920     57      7     16
1850    -5.627    921     66      1     12
1851    -5.629    913     68      9     10
1852    -5.645    919     67      7      7
1853    -5.602    903     77      9     11
1854    -5.615    908     78      4     10
1855    -5.546    890     83      6     21
1856    -5.662    924     66      2      8
1857    -5.592    904     72      6     18
1858    -5.635    913     70      7     10
1859    -5.641    918     71      4      7
1860    -5.627    908     76      3     13
1861    -5.643    927     58      3     12
1862    -5.642    909     74      3     14
1863    -5.613    908     78      4     10
1864    -5.641    930     51      8     11
1865    -5.643    918     70      5      7
1866    -5.588    902     81      4     13
1867    -5.600    904     72      7     17
1868    -5.623    920     63      2     15
1869    -5.638    912     72      6     10
1870    -5.658    922     69      5      4
1871    -5.639    910     71     13      6
1872    -5.639    913     66      6     15
1873    -5.566    905     63      8     24
1874    -5.608    906     74      4     16
1875    -5.619    918     64      4     14
1876    -5.633    904     79      9      8
1877    -5.609    913     74      5      8
1878    -5.601    906     74      7     13
1879    -5.660    926     68      3      3
1880    -5.635    919     68      2     11
1881    -5.614    914     65     10     11
1882    -5.615    922     54      7     17
1883    -5.636    910     74      4     12
1884    -5.594    891     87      6     16
1885    -5.578    895     93      2     10
1886    -5.613    914     69      5     12
1887    -5.641    922     59      4     15
1888    -5.650    912     71      6     11
1889    -5.624    918     66      5     11
1890    -5.617    918     61      5     16
1891    -5.623    918     61      3     18
1892    -5.596    902     71     10     17
1893    -5.625    917     64      8     11
1894    -5.648    922     62      6     10
1895    -5.627    910     72      2     16
1896    -5.618    913     63      8     16
1897    -5.617    898     78      8     16
1898    -5.697    934     59      3      4
1899    -5.605    896     87      4     13
1900    -5.678    921     63      7      9
1901    -5.612    916     58      9     17
1902    -5.614    911     75      3     11
1903    -5.622    915     63      7     15
1904    -5.572    903     83      3     11
1905    -5.624    907     71     10     12
1906    -5.618    916     70      6      8
1907    -5.596    904     73      5     18
1908    -5.614    910     74      8      8
1909    -5.654    915     63      9     13
1910    -5.605    906     74      5     15
1911    -5.614    919     62      4     15
1912    -5.567    908     75      5     12
1913    -5.616    919     61      7     13
1914    -5.572    902     79      5     14
1915    -5.609    909     74      2     15
1916    -5.662    921     72      2      5
1917    -5.639    903     77      7     13
1918    -5.627    915     75      1      9
1919    -5.610    916     64      5     15
1920    -5.613    915     68      3     14
1921    -5.579    903     76      7     14
1922    -5.611    906     73     11     10
1923    -5.589    888     89      6     17
1924    -5.636    922     61      7     10
1925    -5.606    897     86      3     14
1926    -5.650    920     59      6     15
1927    -5.618    893     82     10     15
1928    -5.657    919     68      5      8
1929    -5.612    905     80      7      8
1930    -5.547    896     77      4     23
1931    -5.635    917     68      6      9
1932    -5.611    912     74      3     11
1933    -5.620    917     62      6     15
1934    -5.626    912     69      4     15
1935    -5.561    889     86     11     14
1936    -5.596    914     66      7     13
1937    -5.648    920     62      6     12
1938    -5.607    904     71      7     18
1939    -5.611    903     79      8     10
1940    -5.578    894     80      8     18
1941    -5.655    904     82      5      9
1942    -5.637    927     61      6      6
1943    -5.588    913     71      5     11
1944    -5.656    922     64      8      6
1945    -5.628    903     79      4     14
1946    -5.652    918     64      4     14
1947    -5.598    896     81     10     13
1948    -5.631    908     76      5     11
1949    -5.617    894     86      7     13
1950    -5.645    906     79      5     10
1951    -5.629    906     79      5     10
1952    -5.655    917     62      5     16
1953    -5.634    913     74      5      8
1954    -5.609    910     66      6     18
1955    -5.624    919     62      5     14
1956    -5.608    902     81      5     12
1957    -5.621    903     89      3      5
1958    -5.658    919     63      6     12
1959    -5.648    918     68      4     10
1960    -5.608    911     72      4     13
1961    -5.598    914     59      9     18
1962    -5.645    924     62      5      9
1963    -5.633    906     75      4     15
1964    -5.654    920     64      6     10
1965    -5.630    926     55      7     12
1966    -5.587    916     58      6     20
1967    -5.636    920     66      2     12
1968    -5.606    904     80      2     14
1969    -5.582    898     88      3     11
1970    -5.647    906     75      9     10
1971    -5.615    910     77      2     11
1972    -5.631    908     75     10      7
1973    -5.634    911     71      5     13
1974    -5.606    901     75      8     16
1975    -5.618    910     67      7     16
1976    -5.600    903     79      4     14
1977    -5.613    914     67      6     13
1978    -5.616    909     69      8     14
1979    -5.595    911     67      3     19
1980    -5.587    910     76      2     12
1981    -5.643    922     61      1     16
1982    -5.636    917     69      7      7
1983    -5.669    926     62      5      7
1984    -5.646    919     72      5      4
1985    -5.620    914     65      7     14
1986    -5.611    908     67     11     14
1987    -5.590    905     72      7     16
1988    -5.636    921     66      1     12
1989    -5.613    911     72      2     15
1990    -5.608    908     74      4     14
1991    -5.598    899     83      6     12
1992    -5.613    904     72      7     17
1993    -5.613    918     63      5     14
1994    -5.601    906     79      4     11
1995    -5.627    919     60     10     11
1996    -5.598    910     76      4     10
1997    -5.633    907     76      4     13
1998    -5.629    910     72      5     13
1999    -5.612    898     80      4     18
2000    -5.670    927     56      7     10
