0.05     29.274
0.1       8.682
0.15      2.216
0.2      -0.811
0.25     -2.533
0.3      -3.592
0.35     -4.239
0.4      -4.743
0.45     -5.009
0.5      -5.233
0.55     -5.424
0.6      -5.534
0.65     -5.593
0.7      -5.654
0.75     -5.676
0.8      -5.644
0.85     -5.714
0.9      -5.629
0.95     -5.722
1.0      -5.704
1.05     -5.686
1.1      -5.713
1.15     -5.704
1.2      -5.695
1.25     -5.690
1.3      -5.651
1.35     -5.660
1.4      -5.677
1.45     -5.615
1.5      -5.640
1.55     -5.635
1.6      -5.637
1.65     -5.646
1.7      -5.614
1.75     -5.625
1.8      -5.621
1.85     -5.617
1.9      -5.634
1.95     -5.612
2.0      -5.599
2.05     -5.620
2.1      -5.621
2.15     -5.617
2.2      -5.618
2.25     -5.620
2.3      -5.622
2.35     -5.607
2.4      -5.619
2.45     -5.611
2.5      -5.620
2.55     -5.617
2.6      -5.616
2.65     -5.614
2.7      -5.618
2.75     -5.614
2.8      -5.610
2.85     -5.616
2.9      -5.616
2.95     -5.615
3.0      -5.615
3.05     -5.613
3.1      -5.615
3.15     -5.616
3.2      -5.612
3.25     -5.616
3.3      -5.567
3.35     -5.606
3.4      -5.614
3.45     -5.615
3.5      -5.615
3.55     -5.493
3.6      -5.604
3.65     -5.615
3.7      -5.615
3.75     -5.615
3.8      -5.613
3.85     -5.615
3.9      -5.614
3.95     -5.609
